OS,T,RH,E_tot,E_th,E_el,CO2_Out,Water_Out,adTime,prodTime,pressure,purgeDeltaTemp,prodTemp,purgeTime,airVolume,cycleTime,Point
2,5,0,5.1794,4.8687,0.31076,10.087,0,2662.5,766.76,0.01152,1.0006,386.66,5.0502,8.9e-06,3784.3102,1
2,5,0,5.19675339506173,4.88768341049383,0.309129984567901,10.16825,0,2666.23649691358,764.091790123457,0.0115164891975309,1.0006,388.249891975309,5.02783117283951,8.9e-06,3785.35611820988,2
2,5,0,5.21410679012346,4.90666682098765,0.307499969135802,10.2495,0,2669.97299382716,761.423580246914,0.0115129783950617,1.0006,389.839783950617,5.00546234567901,8.9e-06,3786.40203641975,3
2,5,0,5.2486,4.9444,0.30426,10.411,0,2677.4,756.12,0.011506,1.0006,393,4.961,8.9e-06,3788.481,4
2,5,0,5.2507,4.9464,0.30423,10.412,0,2674.2,755.15,0.011506,1.0006,393,4.9562,8.9e-06,3784.3062,5
2,5,22,5.1056,4.7086,0.39703,8.3475,0.21324,3173.7,554.8,0.11141,60,369.6,61.076,7.1962e-06,4139.576,1
2,5,22,5.1163,4.723,0.39331,8.5766,0.21959,3107.9,574.25,0.11212,60,369.69,59.025,7.2544e-06,4091.175,2
2,5,22,5.3186,4.8991,0.41944,10.025,0.29793,3321.7,669.17,0.12633,30.471,385.52,10.602,8.3519e-06,4351.472,3
2,5,22,5.9621,4.8665,1.0956,11.25,0.35327,3780.7,775.54,0.022362,1,393,26.196,8.9e-06,4932.436,4
2,5,22,5.9874,4.7814,1.206,11.304,0.3325,3629.7,669.17,0.016648,1,393,29.807,8.9e-06,4678.677,5
2,5,43,3.9599,3.5705,0.38935,9.246,0.11621,2974,303.21,0.1,1,363,32.317,8.9e-06,3659.527,1
2,5,43,3.9869,3.6816,0.30524,11.185,0.10205,2794.4,257.98,0.16024,21.316,391.95,30.897,8.8999e-06,3433.277,2
2,5,43,4.0514,3.7522,0.29921,11.794,0.12639,2974,303.21,0.17232,1,393,32.317,8.9e-06,3659.527,3
2,5,43,4.128,3.7527,0.37537,11.954,0.20008,2974,303.21,0.1,1,393,27.001,8.9e-06,3654.211,4
2,5,43,4.1582,3.7798,0.37842,11.973,0.20583,2974,303.21,0.1,1,393,32.317,8.9e-06,3659.527,5
2,5,75,3.0838,2.8069,0.27689,11.471,0.052951,3623.1,280.06,0.19099,30.5,378.01,3.2641,8.9e-06,4256.4241,1
2,5,75,3.0996,2.8216,0.27801,11.435,0.053524,3623.1,280.06,0.19099,30.5,378.01,5.5292,8.9e-06,4258.6892,2
2,5,75,3.1049,2.838,0.26689,11.912,0.054451,3520.5,287.96,0.19339,50.211,378.98,2.51,8.8999e-06,4160.97,3
2,5,75,3.3967,3.1312,0.2655,12.12,0.075329,3882.5,294.29,0.21451,48.704,393,62.58,8.7431e-06,4589.37,4
2,5,75,3.4264,3.1637,0.2626,12.1706,0.0688,3623.1,280.06,0.2046,50.472,393,65.752,8.7688e-06,4318.912,5
2,5,100,3.0283,2.8447,0.1836,11.3329,0.0167,2198.7,120.71,0.45762,60,389.72,57.339,8.9e-06,2726.749,1
2,5,100,3.03674661487236,2.82745482796892,0.209291786903441,11.4688,0.0171524972253052,2151.74084350721,120.71,0.45762,60,389.72,57.339,8.9e-06,2679.78984350721,2
2,5,100,3.0451,2.8104,0.2347,11.6032,0.0176,2105.3,120.71,0.45762,60,389.72,57.339,8.9e-06,2633.349,3
2,5,100,3.0663,2.8323,0.2339,11.643,0.0177,2085.3,121.67,0.45963,60,389.74,56.882,8.9e-06,2613.852,4
2,5,100,3.524,3.3663,0.1577,11.8765,0.025703,1901.9,124.08,0.33833,17.694,393,47.729,8.9e-06,2423.709,5
2,20,0,6.095,5.7421,0.35292,7.9746,0,2229.6,1015.4,0.010109,4.6334,390.52,10.201,8.9e-06,3605.201,1
2,20,0,6.0998,5.754,0.34581,8.1902,0,2229.6,988.06,0.010109,4.482,393,9.8177,8.8999e-06,3577.4777,2
2,20,0,6.109,5.7517,0.35738,8.3183,0,2229.6,824.23,0.010109,4.7901,393,10.474,8.9e-06,3414.304,3
2,20,0,6.2873,5.8674,0.41989,8.7314,0,1951.4,536.24,0.011012,1,393,82.566,8.9e-06,2920.206,4
2,20,0,6.4006,5.9775,0.42311,8.9358,0,1772.9,511.16,0.010486,1,393,41.505,8.9e-06,2675.565,5
2,20,22,8.7164,6.6788,2.0376,9.2737,0.57832,2190.2,630.77,0.015183,1.0202,392.84,6.246,8.9e-06,3177.216,1
2,20,22,8.7632,6.7192,2.044,9.2845,0.58201,2163.2,631.63,0.015237,1.0202,392.84,6.25,8.9e-06,3151.08,2
2,20,22,8.77954863896848,6.70968775071633,2.06986088825215,9.302575,0.580818810888252,2162.80293696275,631.63,0.0147991948424068,1.0202,392.84,6.2489814469914,8.9e-06,3150.68191840974,3
2,20,22,8.80566575931232,6.69449183381089,2.11117392550143,9.33145,0.578915873925501,2162.16862464183,631.63,0.0140997965616046,1.0202,392.84,6.24735429799427,8.9e-06,3150.04597893983,4
2,20,22,8.8579,6.6641,2.1938,9.3892,0.57511,2160.9,631.63,0.012701,1.0202,392.84,6.2441,8.9e-06,3148.7741,5
2,20,43,7.9071,7.4967,0.41036,7.8347,0.62643,2172.9,701.58,0.43103,1.0109,392.68,8.1224,8.9e-06,3232.6024,1
2,20,43,8.0187,7.6099,0.40877,8.2234,0.70448,2097.5,785.32,0.41724,1.0108,392.68,11.61,8.9e-06,3244.43,2
2,20,43,8.316,7.8085,0.50749,8.446,0.85711,2097.5,785.32,0.31205,1.0108,393,22.232,8.9e-06,3255.052,3
2,20,43,9.9588,6.6248,3.334,8.6784,0.83038,3501.9,1436.2,0.0104,1,393,1,8.9e-06,5289.1,4
2,20,43,10.893,6.9665,3.9263,9.8442,0.97951,2873.4,829.95,0.010004,1.0027,393,1,8.9e-06,4054.35,5
2,20,75,6.477,6.1352,0.34178,8.574,0.40454,2539.5,559.97,0.53051,1,390,9.3876,8.8999e-06,3458.8576,1
2,20,75,6.4892,6.1601,0.32913,8.825,0.41664,2540,563.6,0.55914,13.857,392.88,10.742,8.9e-06,3464.342,2
2,20,75,6.8982,6.5512,0.34697,9.5776,0.56727,2138.7,574.42,0.45219,1,393,20.811,8.9e-06,3083.931,3
2,20,75,7.2882,6.7986,0.48966,9.6695,0.81267,2138.7,574.42,0.29908,1.0001,393,5.8312,8.9e-06,3068.9512,4
2,20,75,7.3347,6.8287,0.50591,9.6709,0.82824,2108.7,563.6,0.28607,1.0001,393,6.1,8.9e-06,3028.4,5
2,20,100,5.831,5.4585,0.37254,7.7605,0.30093,2799.1,707.87,0.40998,1,363,51.254,8.9e-06,3908.224,1
2,20,100,5.8938,5.5299,0.36392,8.9147,0.38942,2582.4,608.6,0.36489,1.1751,373,38.141,8.7695e-06,3579.141,2
2,20,100,6.0837,5.7141,0.36963,9.9726,0.49511,2582.4,485.29,0.36489,1.1751,393,38.141,8.7695e-06,3455.831,3
2,20,100,6.3265,5.9056,0.42091,10.042,0.61743,2582.4,508.84,0.31992,1.177,393,38.141,8.7695e-06,3479.381,4
2,20,100,6.4535,6.0586,0.39493,10.225,0.6404,2582.4,608.6,0.36489,1.3503,393,2.0196,8.9e-06,3543.0196,5
2,40,0,9.4187,8.5971,0.82156,5.1939,0.043067,1515.3,615,0.010279,1,393,60.532,8.8999e-06,2540.832,1
2,40,0,9.4502,8.686475,0.7637075,5.373675,0.03230025,1405.375,609.6825,0.010212,1,393,52.62275,8.8999e-06,2417.68025,2
2,40,0,9.4817,8.77585,0.705855,5.55345,0.0215335,1295.45,604.365,0.010145,1,393,44.7135,8.8999e-06,2294.5285,3
2,40,0,9.5132,8.865225,0.6480025,5.733225,0.01076675,1185.525,599.0475,0.010078,1,393,36.80425,8.8999e-06,2171.37675,4
2,40,0,9.5447,8.9546,0.59015,5.913,0,1075.6,593.73,0.010011,1,393,28.895,8.8999e-06,2048.225,5
2,40,22,13.784,10.108,3.6766,4.8607,0.87418,1500.9,1432.9,0.011773,50,393,110.59,8.9e-06,3394.39,1
2,40,22,14.0948908897117,10.2734683047234,3.82154877706721,5.18555,0.908884607876136,1437.51907887356,1205.50864467632,0.011673500336587,50,393,105.192234376753,8.9e-06,3098.21995792662,2
2,40,22,14.4057817794233,10.4389366094469,3.96649755413441,5.5104,0.943589215752272,1374.13815774711,978.117289352631,0.011574000673174,50,393,99.7944687535061,8.9e-06,2802.04991585325,3
2,40,22,14.637,10.562,4.0743,5.752,0.9694,1327,809,0.0115,50,393,95.78,8.9e-06,2581.78,4
2,40,22,14.924,10.576,4.3482,6.1601,1.0008,1255.6,710.81,0.010011,1,393,13.708,8.8999e-06,2330.118,5
2,40,43,18.068,11.187,6.8819,4.2049,1.6651,1842.5,2540.1,0.010004,57.115,393,15.545,8.6175e-06,4748.145,1
2,40,43,18.0866,11.1964,6.8901,4.2288,1.6677,1828.2,2525.7,0.010004,57.095,393,15.423,8.6156e-06,4719.323,2
2,40,43,18.107,11.2008,6.9063,4.3445,1.67,1839.1,2390.4,0.010004,57.35,393,16.586,8.6406e-06,4596.086,3
2,40,43,18.136,11.212,6.9234,4.972,1.674,1838.8,2390.4,0.010004,59.001,393,16.62,8.8998e-06,4595.82,4
2,40,43,18.1506,11.228,6.9226,4.3371,1.6767,1838.8,1793,0.010004,59.001,393,16.62,8.8998e-06,3998.42,5
2,40,75,25.636,24.825,0.81154,3.2699,4.6475,1112.3,1223.8,0.66441,1.0007,393,171.01,8.6883e-06,2857.11,1
2,40,75,26.2716572327044,25.3058089622641,0.966273066037735,3.313,4.91348663522012,1117.21312893082,1218.03977987421,0.610246988993711,1.00046281446541,393,173.625817610063,8.68687688679245e-06,2858.87872641509,2
2,40,75,27.512,26.244,1.2682,3.3971,5.4325,1126.8,1206.8,0.50456,1,393,178.73,8.6841e-06,2862.33,3
2,40,75,28.519,26.995,1.5244,3.4423,5.7584,1112.9,1223.2,0.44355,1.0007,393,170.92,8.6882e-06,2857.02,4
2,40,75,28.523,26.999,1.5244,3.4422,5.7592,1112.3282,1223.8057,0.44354,1.00072,393,171.0115,8.6882e-06,2857.1454,5
2,40,100,25.548,24.483,1.065,2.4902,4.7527,2498.2,1112.9,0.77695,1,393,112.59,8.9e-06,4073.69,1
2,40,100,26.109,25.219,0.88991,2.7642,4.7184,1832.6,907.72,0.78718,1.0001,393,267.54,8.8998e-06,3357.86,2
2,40,100,26.738,25.944,0.79431,2.9507,4.8167,1466.3,907.72,0.78718,1,393,259.66,8.8998e-06,2983.68,3
2,40,100,28.984,28.287,0.69659,3.1278,5.2566,972.52,954.09,0.77695,1,393,217.2,8.9e-06,2493.81,4
2,40,100,31.668,30.898,0.77044,3.1106,5.7234,734.41,911.45,0.72307,1,393,162.98,8.8999e-06,2158.84,5
